22002
21920
21935
21806
22009
21587
21996
21809
21573
21880
21997
21970
21880
21991
21899
21703
21818
21915
21960
21307
22013
21899
21898
21804
21688
21587
21890
21811
21932
21910
22004
21704
21799
21916
21287
21305
21922
21913
21737
21713
22016
21913
21939
21805
22015
21853
21815
21919
22020
21848
24663
27937
21997
21915
21905
21702
21913
21790
22004
21699
21915
21922
21855
21814
22008
21706
21818
21708
21899
21915
22109
21665
21965
22001
21965
21596
21885
21915
21905
21811
21921
21923
21938
21806
21015
20798
21542
19954
19958
19962
19966
19951
19974
19977
21298
21683
21923
21916
22004
21561
21341
21818
21727
21910
21915
21794
21825
21816
21796
22005
20491
20936
21881
28873
23586
21776
21816
22003
21778
21901
21917
21910
21837
21914
21917
21870
21819
21875
21707
22009
21907
21904
21880
22114
21811
21700
21807
22011
21913
21791
21920
21690
21811
21910
21907
21790
21815
21912
21711
21902
21917
21906
21802
22010
20875
20663
21623
21645
21498
21902
21905
21907
21858
21908
21918
21882
21827
21898
21688
21803
21918
21246
21783
21654
21705
21727
30053
22018
21917
21761
21950
22011
21515
19960
19968
21279
21819
21886
21787
21912
21918
21719
21792
22098
21783
21801
21771
22014
21762
21886
21917
22013
21865
21806
21930
21889
21828
20945
21871
21647
21929
22095
21859
22073
21906
21779
21670
22018
21914
21785
21920
22002
21800
21801
21907
21792
21910
22095
21884
22113
21893
22109
21900
22106
21916
21791
21815
21916
24165
27704
21968
21963
21869
21768
21917
21798
21926
21817
21890
21717
21913
21813
21899
21903
21813
21696
21916
21702
22016
21691
22013
21799
21894
21892
21909
21704
21914
21816
21895
21923
22015
21440
21846
21943
21637
15349
21475
21763
21636
21812
22017
21892
21977
21815
21995
21379
21846
19942
19971
19969
19940
21198
21991
22013
21907
21683
21910
21916
21911
21580
21924
28447
23821
21812
22010
21671
21914
21808
21999
22007
22115
22010
21978
22003
22005
21696
21905
21913
21899
21716
22010
22009
21959
21803
22011
21727
21908
21811
21889
21920
22008
21913
21884
22007
21912
21689
21918
21910
22002
21605
22011
21907
21896
21811
22006
21703
21912
21448
21401
21303
22011
21787
21598
21480
22015
21396
21688
21287
21785
21813
21966
21821
21954
21805
30444
21790
21816
21805
21887
21810
22016
21817
19789
21566
21750
21199
21492
21755
21864
21770
21872
22011
21452
19913
20248
21790
21818
21732
21806
22014
21920
21904
21788
22002
21198
21051
21813
21857
21624
21805
21817
22007
21862
21904
21910
21960
21822
21796
21810
22007
21557
21898
21853
21982
21760
21682
21812
21915
21913
21779
21915
21913
21800
21898
21745
21815
24192
28030
21794
22107
22012
22107
21806
22112
21922
21667
21912
21909
21791
21912
21914
21914
21806
21893
21919
21897
21913
21812
21707
21992
21924
22102
21896
22105
21996
21651
21918
21805
21914
21793
21807
21913
21703
21917
21908
21776
21917
21568
21879
22017
22012
21765
21862
22117
21981
21589
21919
21914
21797
21902
21923
22005
21403
21897
21828
21904
21901
19906
19971
25735
21849
19948
21023
22008
21912
21749
21813
21913
21914
21675
21919
22010
21811
21803
21908
21897
21915
21805
21794
21912
22010
22103
21889
22098
22003
21197
21824
21753
21739
21817
22011
21814
21774
21719
22015
21769
22013
21800
21889
21931
21999
21996
21993
22011
22007
21683
22018
21784
22012
21747
22020
21910
21892
21903
21967
21717
21995
21847
20810
21596
21600
21814
30237
22012
22119
21710
22015
21171
21832
21798
22013
21817
21901
21806
21916
21778
22008
21814
21989
21904
22113
21908
21995
22013
22011
21697
22006
21816
21907
21679
22009
21963
21904
20046
19969
20534
22008
20784
20160
22002
22108
21907
21782
22018
21997
21678
22003
21901
21794
21706
22020
21909
21923
21814
22012
21686
22010
21684
21684
22007
22118
21546
21889
22013
24039
28016
21908
21805
21919
21705
22011
21906
21891
21796
22015
21600
22019
21711
21927
21915
22030
21819
21794
21687
21927
20231
22008
21652
21737
21699
22008
21907
21899
21815
22017
21758
21918
21706
21883
21801
21998
21899
21896
21815
21914
21690
21912
21795
21918
21587
21907
22012
21784
21897
21910
21807
21807
21609
21800
22012
21915
21666
21755
22014
21972
21790
21914
28101
23986
21904
21822
22002
21794
21899
21958
21867
21884
19965
19968
19966
19966
19935
19965
19964
19969
20690
21912
21909
21853
21519
21822
22013
21801
21915
21909
21781
21993
21716
21917
21893
21911
21905
21900
22110
21916
21786
21926
21916
21780
21901
21914
21920
21679
21904
21904
21836
21906
21710
21792
22007
21912
22103
21876
22107
21808
21784
21906
21917
21862
21841
30098
21720
21772
22098
22021
21891
22003
22006
21617
21986
22006
22077
21847
22112
22017
20478
21698
21181
21548
21900
21991
21919
21687
21900
22018
21889
22013
22003
21797
22013
22011
22098
21897
22109
21910
21779
21791
21914
21864
21722
21913
22013
21598
19941
19958
20589
22007
22000
22010
21875
22008
22096
21877
22030
22001
21681
21910
21898
21891
21808
22014
21918
23676
28254
22016
21819
21917
21486
21888
21921
22112
21906
21631
22003
21981
21685
21787
21814
21951
21693
22004
21915
21902
21722
21936
21706
21913
21714
22036
21798
21917
21814
21874
21917
22021
21693
22011
21738
21897
21814
21814
21921
21892
21717
21993
21824
21910
21711
21899
21917
21919
21904
21989
22000
22013
21687
22010
21457
21850
21592
22000
21903
21901
21812
21917
27696
24300
21496
21655
21881
22010
21247
21880
22008
21759
20664
21323
21637
21692
21811
22000
21910
21906
21694
21877
21842
21338
19917
19969
19938
19966
20791
21990
22010
21409
20481
22014
21817
21939
21758
22016
21925
21887
21810
22000
21701
21917
21696
22111
21890
22121
21913
21921
21968
22110
21678
22008
21812
21798
21801
22006
22004
21996
22012
22114
21803
22013
21904
30481
22070
22055
22101
21802
22114
21914
21776
21913
21921
21854
21743
21923
22014
21789
21906
21916
21903
21424
21796
22011
21994
22007
22108
21793
22118
22017
21772
21918
21328
21640
21811
21918
21924
21799
21905
21917
21892
21725
21815
21799
22010
21819
21912
21794
21911
21822
21692
21908
21642
21941
21512
21818
22017
21748
19960
19969
20687
21722
21813
21905
21900
23658
28419
21789
21898
21602
20871
19354
20795
21574
21906
21808
22023
21779
21911
21912
21922
21809
21700
21684
22015
21920
21905
21435
22005
21712
21758
21792
21884
21800
21897
21923
21901
21805
21902
21910
21893
21833
21720
21962
21884
21807
21903
21867
21997
21823
21800
21994
21830
21793
21892
21923
21557
21793
21907
21724
21857
21819
21868
21704
21998
21915
21906
21794
27933
24378
21690
21814
21702
21680
21899
21921
21916
21802
21904
20649
19965
21217
21174
21938
21848
22015
21807
21900
21806
22017
21591
22011
21807
21894
21804
22020
21925
21869
21816
22013
20860
20607
19911
19960
21573
22013
21890
21778
21911
22018
21796
21998
21915
21775
21818
21429
21896
21789
21815
22014
21822
21906
21811
21811
21701
22007
20677
20955
22010
22107
21555
22460
21664
21628
21809
22002
21917
21888
21708
22014
21779
21906
21473
21801
21932
21909
21809
21889
21919
21916
21791
21906
21917
21787
21807
22020
21911
21900
21715
21708
21895
21918
21813
21509
21797
21919
21773
21890
21812
22008
21746
21910
21235
21405
21811
21992
21804
21893
21805
21906
21898
21912
21817
21777
21918
21824
21388
21862
22000
22007
21887
21999
21828
22913
29063
22012
21906
21790
20017
19967
19955
21044
21799
21903
21799
22000
21720
21795
21909
21911
21776
22048
21863
21698
21858
19973
19985
21896
21788
22011
21742
21915
21194
21572
22007
21922
21782
21477
21653
21901
21986
21862
21862
21615
21905
21915
22007
21790
21906
21573
21716
21815
21900
21858
21977
22013
22100
21847
22007
22002
21741
21332
21736
21513
21809
21813
27412
24947
21918
21910
21784
21915
22106
21795
22112
22014
22099
21890
22119
21786
21987
21914
21802
21676
21806
21915
21916
21896
22086
22010
21970
21818
21971
21928
21985
22011
22102
21894
22009
21697
21893
22011
21602
21690
21873
21917
22010
21896
22105
22010
21990
21558
19918
19966
19928
20742
22093
21898
22005
21907
21988
22010
21894
21706
21911
21822
22015
21800
21905
30334
21878
21825
21905
21798
21985
22023
22100
21891
22005
21897
21983
22011
21905
21799
21900
21828
22012
21788
21909
21921
21894
21830
21802
21788
22017
21920
21901
21900
22118
21816
21977
21997
21910
21850
21908
21915
21628
21642
21857
22003
21801
21907
21812
21216
21884
22018
21806
21906
21913
21913
21888
21036
20699
21556
21777
22013
21721
21887
21894
22008
21776
22950
29152
21690
21909
22010
22008
21991
22007
22015
21790
22117
21901
21797
21814
22020
21915
21737
19942
19975
19962
20535
21821
21840
21841
22006
21906
21884
21905
22004
21794
22100
21815
21807
21813
22010
21925
21807
21815
22012
21795
22002
21789
21601
21971
22110
21989
21987
22007
21558
21978
21892
21825
21745
21812
22018
22015
21542
21675
21993
21915
21884
21763
21832
26901
25295
22001
21975
21999
22102
21926
22005
21820
21910
21692
22007
21915
21894
21723
21941
21778
21917
21813
21790
21917
22007
21797
21894
21916
21907
21701
21911
21619
21677
21796
22010
21915
21983
21766
22017
21797
21912
21806
21844
21870
21812
21815
21685
21824
22010
21418
18655
17138
21632
21817
22005
21950
21905
21902
21842
21892
21488
20112
19970
19935
19957
21458
30077
22008
21914
21745
21976
21905
20985
21814
21901
21878
21881
21898
21820
21973
21812
21911
21682
22012
21882
21811
21895
22009
21910
21794
21914
21899
21718
21777
21914
21789
21854
21907
21926
21797
21817
21910
21703
22018
21908
21909
21699
22013
21897
21792
21921
21911
21705
21902
21493
22021
21892
21910
21914
21791
21823
21909
21707
22009
21912
21909
21703
22009
22740
29262
21920
21372
21561
21710
21912
21897
21793
21914
21922
21898
21732
21908
21710
22021
21899
21906
21789
21913
21810
21783
21918
21991
21709
21809
21918
22011
21470
19945
19978
19961
19991
21914
21889
22007
21916
21906
21719
21918
21621
21782
20484
19469
20692
21785
21655
22008
21783
21907
21915
21890
21816
21814
21838
22019
21912
21910
21780
21921
21857
21428
21909
26991
25086
21809
21824
21993
21784
21843
21841
21895
22008
21711
21882
21857
22114
22006
21988
21999
21913
21892
22102
21914
21843
21813
22019
21814
21888
21880
22103
21890
22001
21815
21904
22009
22112
22017
21992
22013
21819
21888
22101
21800
21688
21807
22010
21831
21987
21800
22004
21863
22007
21715
21712
21919
22007
21811
21884
21927
22016
21502
22011
21809
21911
21698
30387
21916
21802
21445
22011
21775
21911
20083
19967
20966
22017
21809
21907
21913
21918
21464
22004
21874
21555
21759
22005
21967
21732
21801
22006
21956
22007
21741
21757
21824
22013
21816
21879
21923
21905
21704
21236
21583
21767
21697
21846
21913
21568
21781
22011
21803
22014
21780
21793
21903
22014
21799
21889
21606
21970
21677
21915
21802
21802
21604
22012
21917
22759
29356
22010
21888
22100
21896
21997
21997
22016
21990
21990
22012
22113
21877
22060
21352
21837
21778
22017
21815
21897
21733
22003
21892
21896
21810
21700
22004
21716
21904
21899
22108
22013
21870
22018
21903
21795
21574
21895
22014
21873
19960
19962
20864
21914
22002
21896
22017
22013
21837
21926
22105
21794
21989
22017
21901
21910
21750
21907
22021
21806
21907
21809
26757
25504
21810
21803
21902
21977
21806
21783
22009
22008
21402
21658
21879
21755
21802
21872
22009
21872
21909
21914
21882
21915
21811
21847
21917
21911
21800
21797
22010
22014
21973
21595
21437
21746
21695
21757
22006
21798
21894
21923
21792
21916
21905
21898
22007
22010
22103
21785
22009
22015
21881
22019
21887
21791
21660
21919
22005
21874
21900
21912
21987
21827
21813
30288
22008
22009
22102
21804
22111
21909
21887
22008
22006
21920
21682
21912
22006
21784
21910
21918
21903
21820
20078
20140
21917
21922
21902
21798
21911
21917
21689
21911
21903
21550
21821
21814
21955
21877
21914
22016
21893
21915
21710
21878
21724
22113
22009
21985
21911
22114
21885
22115
22016
21898
21629
21903
21921
21886
21918
22010
21810
22011
21692
21887
21868
22500
29814
22001
22018
22018
21796
22116
21706
21776
21717
22011
21608
21970
21812
22017
21888
22007
21614
21478
21824
22111
22009
21978
22006
21905
21884
21874
20455
21545
21361
21852
21765
21903
21800
22021
21782
22012
21655
21528
21819
22015
21325
21893
21917
22008
21701
22110
22007
21687
20915
22016
21824
21784
19939
19964
20793
22011
21709
21888
21905
22113
22013
21977
26624
25818
21807
22111
22015
21897
21311
