1657
1663
1664
1567
1655
1651
1656
1657
1655
1657
1660
1777
2133
2133
2095
2074
2119
2131
2128
2230
2660
2720
3154
3302
3314
3316
3226
3274
3310
3313
3319
3315
3312
3302
3315
3299
3313
3314
3314
3313
3314
3313
3314
3294
3319
3320
3320
3319
3320
3319
3320
3305
3315
3314
3312
3308
3001
3198
2846
2408
2443
2692
3192
3154
3114
3187
3209
3173
3663
3054
3201
3201
3201
3201
3158
3158
3314
3314
3314
3302
3320
3319
3320
3310
3319
3320
3319
3253
3320
3319
3320
3260
3314
3313
3314
3313
3314
3313
3314
3308
3319
3320
3320
3319
3320
3319
3320
3309
3314
3313
3319
3314
3315
3313
3314
3300
3306
3319
3320
3319
3320
3320
3319
3311
3245
3668
3669
3669
3669
3669
3668
3615
3666
3536
3704
3676
3675
3675
3676
3656
3675
3676
3675
3675
3675
3676
3675
3662
3662
3662
3661
3662
3662
3478
3665
3495
3668
3669
3669
3675
3675
3675
3675
3491
3666
3666
3665
3664
3665
3664
3663
3433
3313
3498
3668
3669
3669
3668
3669
3497
3668
3677
3677
3678
3677
3677
3678
3506
3668
3667
3668
3648
3677
3508
3668
3503
3693
3693
3692
3670
3677
3364
3681
3505
3677
3677
3678
3677
3677
3678
3677
3504
3677
3513
3677
3678
3677
3678
3677
3390
3277
3446
3311
3427
3667
3667
3668
3301
3678
3677
3678
3677
3677
3404
3459
3522
3678
3677
3677
3678
3677
3677
3678
3499
3677
3677
3677
3574
3445
3667
3668
3444
3668
3448
3058
3682
3675
2527
2715
3188
3665
3531
3125
3282
3676
3675
3622
3305
3640
3664
3663
3666
3664
3571
3414
2764
3586
3667
3668
3667
3668
3667
3668
2729
2970
3676
3675
3404
3669
3669
3669
3594
3669
3669
3511
3678
3678
3671
3669
3658
3669
3669
3669
3669
3669
3669
3669
3666
3690
3678
3690
3690
3648
3578
3511
3200
3682
3328
2418
3205
3205
3206
3324
3390
3666
3689
3471
3666
3667
3666
3667
3656
3680
3681
3507
3666
3625
3688
3689
3668
3667
3490
3674
3674
3674
3675
3674
3662
3688
3666
3667
3666
3667
3488
3290
3517
3667
3666
3667
3666
3675
3675
3675
3501
3675
3674
3674
3674
3675
3674
3674
3492
3667
3666
3511
3496
3667
3667
3666
3493
3666
3667
3666
3675
3675
3675
3675
3507
3674
3675
3674
3635
3675
3674
3511
3513
3666
3688
3667
3667
3666
3350
3674
3504
3658
3674
3675
3674
3674
3674
3675
3663
3674
3675
3561
3668
3675
3674
3674
3662
3667
3438
3325
3453
3667
3666
3675
3455
3689
3688
3688
3689
3688
3688
3689
3509
3681
3680
3506
3289
3599
3666
3688
3656
3674
3675
3674
3674
3674
3675
3674
3490
3675
3425
3103
3489
3590
2379
2843
3261
3675
3682
3683
3476
3683
3683
3680
3402
3703
3702
3702
3673
3645
3676
3489
3510
3673
3673
3672
3509
3674
3676
3675
3667
3675
3676
3675
3436
3676
3675
3675
3635
3691
3692
3692
3530
3677
3677
3692
3672
3686
3685
3686
3685
3686
3683
3685
3622
3673
3673
3673
3672
3673
3673
3568
3443
3691
3677
3692
3691
3677
3677
3692
3674
3685
3685
3673
3685
3673
3685
3685
3673
3692
3692
3691
3528
3675
3675
3675
3671
3645
3683
3683
3616
3688
3688
3667
3656
3674
3674
3674
3675
3674
3488
3674
3420
3609
3683
3683
3681
3673
3683
3518
3510
3683
3681
3674
3675
3675
3675
3675
3509
3698
3677
3699
3698
3536
3684
3684
3524
3684
3685
3698
3677
3684
3673
3673
3513
3698
3699
3677
3660
3698
3699
3683
3501
3528
3676
3681
3674
3675
2548
3268
3485
3674
3683
3674
3681
3671
3698
3684
3515
3681
3698
3675
3675
3523
3684
3698
3521
3698
3458
3323
3458
3683
3681
3674
3445
3676
3674
3675
3674
3681
3681
3698
3505
3541
3698
3684
3684
3699
3684
3698
3520
3698
3698
3678
3684
3677
3698
3677
3524
3692
3437
3113
3680
3347
2264
3049
3271
3681
3684
3675
3485
3677
3699
3698
3408
3677
3677
3673
3673
3673
3674
3502
3522
3498
3698
3699
3676
3680
3683
3683
3508
3698
3677
3698
3455
3677
3684
3698
3473
3666
3667
3666
3675
3590
3590
3487
3571
3676
3675
3674
3675
3674
3675
3674
3502
3675
3674
3676
3675
3674
3675
3501
3520
3682
3512
3674
3674
3675
3675
3675
3498
3674
3675
3674
3675
3674
3675
3674
3665
3675
3674
3675
3674
3675
3530
3705
3663
3674
3676
3675
3675
3634
3675
3676
3663
3674
3675
3674
3675
3674
3590
3605
3502
3674
3512
3674
3675
3674
3675
3675
3464
3682
3683
3683
3683
3683
3683
3683
3509
3678
3678
3677
3678
3678
3516
3674
3506
3683
3683
3683
3683
3683
3683
3683
3504
3675
3674
3675
3649
3683
3683
3683
3502
3675
3516
3683
3683
3683
3377
3674
3501
3670
3672
3674
3674
3676
3674
3674
3503
3659
3681
3681
3681
3681
3518
3683
3672
3683
3439
3318
3467
3683
3683
3683
3475
3683
3683
3683
3683
3683
3682
3683
3663
3669
3590
3594
3674
3675
3675
3675
3670
3683
3683
3683
3683
3683
3683
3683
3611
3675
3424
3167
3664
3438
2254
3056
3281
3663
3665
3688
3471
3667
3688
3667
3380
3666
3666
3667
3688
3667
3666
3520
3679
3700
3705
3503
3523
3647
3674
3675
3662
3674
3674
3674
3453
3678
3698
3684
3679
3631
3688
3688
3689
3666
3667
3526
3657
3667
3666
3667
3667
3666
3689
3666
3660
3674
3675
3674
3674
3675
3674
3501
3680
3675
3674
3515
3681
3682
3682
3681
3666
3667
3667
3668
3667
3667
3667
3668
3645
3646
3674
3674
3674
3675
3674
3512
3539
3555
3675
3674
3674
3674
3675
3674
3663
3674
3631
3675
3674
3674
3675
3496
3487
3666
3667
3513
3667
3667
3666
3667
3509
3681
3680
3681
3681
3681
3681
3681
3512
3680
3681
3681
3681
3681
3681
3680
3404
3688
3689
3688
3688
3689
3666
3667
3497
3674
3675
3674
3674
3655
3681
3500
3498
3667
3666
3689
3507
3667
3394
3674
3445
3680
3680
3681
3680
3680
3680
3680
3498
3666
3689
3666
3667
3667
3654
3674
3413
3667
3418
3312
3486
3666
3688
3667
3405
3595
3698
3683
3683
3674
3674
3675
3515
3685
3681
3685
3518
3674
3683
3698
3514
3698
3684
3698
3685
3684
3698
3698
3501
3683
3397
3201
3665
3284
2364
3123
3246
3063
3189
3154
3189
3197
3200
3200
3176
3227
3308
3278
3326
3325
3324
3320
3244
3327
3326
3325
3324
3324
3327
3326
3426
3673
3665
3695
3441
3681
3680
3681
3507
3644
3681
3680
3681
3692
3683
3681
3339
3676
3674
3675
3676
3675
3683
3675
3517
3681
3673
3683
3683
3683
3692
3502
3515
3684
3675
3676
3583
3362
3698
3698
3500
3684
3677
3677
3673
3677
3673
3673
3514
3683
3698
3683
3683
3698
3674
3659
3507
3378
3585
3685
3681
3685
3681
3685
3500
3674
3698
3681
3698
3699
3619
3437
3426
3680
3681
3681
3683
3515
3675
3675
3506
3675
3675
3676
3675
3676
3675
3676
3497
3684
3684
3699
3698
3677
3684
3677
3510
3527
3684
3677
3684
3677
3684
3581
3308
3503
3674
3681
3674
3662
3683
3699
3503
3677
3677
3684
3698
3526
3398
3677
3513
3680
3674
3674
3674
3675
3674
3674
3505
3681
3683
3681
3698
3681
3698
3485
3513
3433
3299
3324
3497
3677
3684
3677
3518
3489
3674
3674
3674
3674
3674
3674
3503
3677
3684
3677
3677
3515
3698
3675
3511
3684
3677
3684
3698
3685
3677
3677
3510
3681
3403
3097
3658
3561
2452
2826
3144
3195
3205
3204
3383
3667
3666
3667
3382
3683
3683
3683
3683
3683
3492
3683
3396
3675
3675
3674
3503
3676
3534
3680
3502
3675
3676
3675
3436
3675
3651
3675
3500
3644
3675
3675
3675
3674
3674
3675
3506
3675
3512
3680
3683
3683
3692
3683
3509
3676
3674
3676
3675
3675
3683
3501
3505
3683
3681
3683
3691
3683
3522
3683
3507
3674
3676
3478
3682
3683
3683
3683
3505
3675
3676
3675
3676
3675
3674
3675
3505
3675
3516
3681
3683
3692
3682
3683
3509
3683
3683
3680
3681
3683
3692
3495
3522
3683
3638
3676
3675
3675
3517
3683
3507
3690
3677
3677
3690
3691
3690
3691
3509
3691
3690
3691
3690
3677
3677
3691
3516
3691
3526
3673
3672
3673
3673
3673
3502
3673
3672
3673
3673
3653
3691
3690
3516
3691
3514
3452
3520
3677
3338
3608
3516
3683
3683
3681
3683
3691
3683
3681
3499
3673
3672
3673
3673
3673
3673
3672
3508
3681
3434
3326
3510
3673
3652
3683
3519
3509
3691
3690
3691
3690
3690
3677
3516
3701
3699
3699
3701
3699
3455
3514
3509
3503
3675
3676
3675
3674
3676
3674
3505
3675
3383
3231
3680
3224
2418
3146
3123
3192
3192
3199
3560
3675
3674
3674
3402
3672
3672
3672
3673
3672
3485
3673
3517
3684
3677
3677
3677
3677
3677
3510
3515
3684
3684
3677
3448
3674
3674
3674
3676
3654
3650
3681
3681
3674
3674
3683
3665
3678
3683
3526
3705
3698
3698
3677
3663
3665
3665
3665
3667
3676
3665
3475
3483
3683
2689
2840
3199
3202
3206
3412
3230
3511
3673
3673
3673
3672
3673
3673
3623
3691
3677
3677
3677
3692
3682
3676
3679
3479
3683
3586
3623
3683
3691
3683
3667
3672
3673
3673
3662
3377
3548
3598
3406
3675
3674
3675
3676
3675
3674
3463
3343
3674
3674
3675
3641
3683
3341
3308
3266
3675
3676
3700
3692
3691
3692
3692
3507
3672
3673
3673
3510
3673
3673
3672
3505
3675
3675
3676
3674
3638
3681
3681
3506
3681
3683
3683
3680
3683
3382
3692
3163
3527
3681
3681
3683
3692
3683
3680
3346
3680
3683
3683
3681
3673
3679
3692
3671
3674
3421
3326
3342
3675
3676
3675
3663
3483
3672
3648
3506
3532
3683
3681
3673
3678
3683
3678
3683
3683
3683
3678
3145
3516
3503
3515
3673
3672
3673
3673
3662
3675
3384
3145
3671
3485
2355
3043
3137
3199
3204
3207
3251
3683
3683
3681
3397
3692
3692
3691
3692
3692
3316
3682
3677
3697
3691
3691
3527
3692
3691
3692
3590
3605
3673
3673
3450
3691
3683
3692
3667
3637
3675
3675
3666
3667
3666
3648
3661
3682
3681
3681
3682
3511
3674
3424
3436
3569
3667
3667
3666
3689
3666
3496
3659
3666
3667
3667
3688
3666
3667
3667
3661
3518
3681
3681
3681
3680
3681
3680
3672
3680
3680
3680
3681
3681
3680
3680
3669
3674
3674
3674
3675
3510
3665
3667
3659
3667
3480
3674
3674
3674
3675
3674
3485
3680
3681
3681
3681
3681
3681
3680
3500
3511
3680
3644
3682
3681
3675
3674
3490
3668
3674
3674
3674
3675
3674
3674
3502
3667
3666
3689
3666
3511
3682
3681
3463
3674
3674
3674
3675
3663
3693
3667
3494
3667
3666
3667
3667
3688
3396
3665
3495
3504
3667
3667
3667
3667
3667
3667
3506
3680
3681
3680
3680
3680
3681
3681
3507
3681
3420
3318
3523
3603
3591
3675
3493
3543
3662
3666
3676
3688
3666
3646
3501
3666
3689
3666
3667
3667
3688
3667
3492
3667
3503
3667
3666
3676
3688
3666
3502
3674
3354
3241
3666
3151
2415
3179
3340
3666
3672
3568
3581
3674
3494
3682
3216
3674
3674
3626
3674
3674
3491
3674
3663
3675
3674
3674
3674
3675
3674
3674
3667
3674
3514
3675
3464
3666
3667
3667
3654
3666
3651
3681
3682
3682
3681
3682
3662
3667
3666
3656
3667
3668
3507
3667
3658
3688
3666
3667
3667
3688
3350
3312
3320
3311
3331
3320
3311
3308
3306
3312
3256
3340
3300
3326
3319
3318
3324
3309
3280
3327
3290
3313
3326
3300
3324
3316
3299
3323
3319
3277
3318
3281
3321
3324
3299
3286
3334
3296
3310
3275
3320
3284
3296
3321
3319
3274
3332
3316
3313
3322
3263
3324
3323
3316
3317
3318
3317
3272
3306
3318
3291
3327
3301
3339
3302
3324
3278
3295
3307
3319
3318
3326
3319
3325
3300
3321
3340
3328
3327
3318
3255
3318
3301
3330
3322
3324
3323
