1424
1996
1994
1930
1980
1985
1977
1998
1996
1996
1992
1975
1997
1985
1982
1999
1988
1992
1994
1978
1999
1996
1986
1995
1958
1997
2000
1996
1996
1994
1999
1978
1962
3163
3227
2133
1999
1995
1994
1995
1979
1996
1998
1997
1995
1997
1999
1994
1975
1881
1920
1900
1899
1828
1894
1920
1885
1923
2048
3082
1925
1918
1911
1997
1995
1997
1998
1994
1998
1967
1970
2264
3225
3030
1998
1995
1997
2000
1990
2003
1997
1997
1998
2098
2210
2211
2168
2085
2212
2209
2120
2211
2213
2210
2198
2211
2212
2214
2213
2430
3467
2214
2207
2114
2214
2212
2210
2209
2210
2093
2201
2215
2330
3575
3363
2211
2211
2212
2196
2211
2209
2213
2213
2111
2212
2211
2204
2213
2213
2210
2216
1993
2131
2210
2203
2211
2213
2210
2212
2212
2288
3211
2010
2000
1997
1996
2000
2000
1999
1995
1987
1998
1999
1988
3212
3230
2074
1997
1991
1999
1999
1995
1999
1994
1997
1999
1983
1997
2000
1995
1995
1997
2000
1995
1994
1998
2000
2001
1998
2002
1998
1997
3143
2171
1996
1996
2000
1995
1997
1996
1983
2000
1998
1998
1995
3035
3217
2251
1991
1996
1997
2137
2212
2119
2210
2101
2212
2210
2210
2212
2211
2211
2213
2076
2212
2214
2211
2212
2210
2211
2215
1981
2557
2803
2211
2211
2212
2210
2211
2107
2210
2113
2214
2212
2213
2718
3586
2949
2215
2212
2214
2208
2210
2117
2213
2114
2214
2208
2211
2211
2118
2214
2214
1964
1971
2206
2073
1857
2129
2206
2209
1968
1929
2332
3252
2207
2214
2215
2215
2054
2210
2214
2208
2210
2210
2215
2532
3415
3354
2208
2211
2095
2214
2162
2165
2096
2092
2212
2214
2212
2208
2213
2211
2107
2212
2214
2211
2214
2210
2215
2213
2207
2215
2215
2353
3452
2211
2213
2209
2103
2207
2215
2214
2212
2102
2217
2212
2345
3388
3534
2211
2213
2213
2210
2114
2089
2209
2214
2216
2213
2211
2216
2211
2207
2210
2215
2210
2212
2211
2214
2210
2176
2212
2211
2117
2253
3583
2276
2209
2038
2075
2214
2211
2111
2212
2212
2213
2195
2095
3536
3578
2341
2213
2212
2114
2032
2214
2213
2210
2215
2213
2208
2210
2031
2212
2209
2213
2209
2213
2209
2210
2202
2213
2212
2116
2211
2118
3466
2443
2206
2214
2211
2214
2210
2211
2101
2217
2091
2210
2211
3359
2458
3243
2211
2110
2104
2211
2211
2213
2211
2214
2212
2215
2070
2212
2210
2214
2212
2209
2210
2211
2026
1997
2012
2200
2161
2215
2210
2542
3181
2215
2111
2212
2209
2211
2213
2208
2104
2214
2210
2211
2440
3591
3420
2213
2104
2212
2215
2211
2212
2208
2213
2211
2021
1994
2061
2210
1954
1900
2207
2207
1855
2128
2156
2146
2100
2215
2212
2086
2165
3537
2210
2215
2211
2213
2145
2075
2202
2209
2210
2213
2101
2242
3595
3599
2125
2096
2211
2212
2152
2072
2210
2215
2207
2213
2210
2212
2209
2211
2212
2209
2203
2214
2212
2214
2115
2208
2213
2211
2207
2214
3564
2341
2210
2210
2110
2211
2204
2212
2213
2212
2214
2116
2210
3465
3416
2400
2212
2213
2211
2211
2211
2212
2205
2214
2210
2214
2212
2211
2212
2209
2047
2067
2099
2212
2113
2211
2213
2211
2203
2210
2210
3398
2408
2214
2210
2209
2203
2212
2214
2210
2215
2210
2213
2213
3287
3431
2576
2212
2213
2211
2214
2214
2201
2132
2166
2212
2211
2212
2213
2215
2205
2216
2214
2213
2216
2113
2211
2212
2205
2115
2210
2113
3229
2679
2102
2209
2103
2212
2209
2213
2029
2212
2211
2212
2103
2967
3591
2728
2212
2211
2211
2213
2086
2209
2210
2206
2211
2210
2211
2213
2048
1999
2091
2214
2215
2118
2209
2212
2106
2212
2212
2110
2212
3065
2831
2213
2103
2213
2213
2213
2211
2210
2212
2199
2051
2117
2977
3423
2890
2212
2213
2209
2036
1945
2200
2119
1845
1918
1921
1923
1984
2205
2093
2210
2212
2098
2213
2210
2045
2209
2215
2214
2211
2212
2912
2983
2104
2212
2214
2162
2149
2212
2212
2213
2081
2079
2213
2805
3590
3048
2214
2211
2091
2212
2211
2212
2210
2213
2211
2211
2205
2215
2214
2211
2215
2216
2114
2209
2209
2213
2213
2212
2211
2108
2208
2767
3116
2212
2213
2212
2209
2210
2213
2214
2182
2215
2112
2212
2655
3586
3193
2210
2112
2212
2212
2216
2113
2211
2212
2213
2200
2212
2212
2211
2210
2212
2115
2214
2203
2212
2212
2214
2155
2170
2213
2037
2300
3284
2210
2212
2213
2213
2214
2213
2205
2211
2112
2212
2211
2509
3581
3352
2206
2216
2214
2096
2212
2210
2214
2210
2204
2210
2211
2211
2213
2212
2115
2213
2207
2214
2210
2209
2210
2216
2043
2215
2108
2447
3451
2213
2038
2213
2212
2214
2105
2214
2114
2212
2211
2211
2359
3574
3326
2211
2213
2210
2211
2211
2212
2210
2044
1999
2106
2212
2211
2213
2115
2212
2094
2210
2213
2110
2215
2212
2211
2212
2106
2212
2293
3586
2231
2214
2213
2211
2107
2209
2164
2159
2213
2212
2211
2211
3225
3157
2326
2097
1862
1918
1923
1923
1996
2201
2086
2211
2213
2212
2209
2098
2039
2212
2211
2213
2215
2212
2212
2212
2107
2210
2209
2101
3467
2433
2211
2213
2105
2094
2214
2115
2212
2212
2208
2213
2105
3367
3576
2494
2212
2209
2211
2212
2088
2213
2212
2212
2212
2213
2213
2118
2202
2214
2209
2211
2209
2109
2213
2213
2207
2213
2210
2209
2213
3301
2597
2211
2201
2213
2215
2112
2212
2212
2108
2214
2194
2213
3219
3584
2657
2208
2213
2212
2203
2213
2211
2212
2211
2210
2210
2114
2201
2213
2212
2212
2212
2111
2210
2210
2203
2211
2213
2214
2211
2213
3151
2756
2204
2215
2211
2117
2212
2215
2212
2211
2091
2211
2213
3051
3592
2810
2211
2213
2175
2211
2210
2211
2210
2211
2211
2212
2111
2211
2211
2175
2161
2211
2054
2210
2108
2212
2114
2215
2047
2212
2211
2972
2765
2211
2213
2211
2114
2212
2209
2214
2107
2212
2212
2208
2856
3595
3000
2210
2043
1993
2115
2213
2210
2215
2112
2213
2090
2213
2213
2113
2214
2213
2209
2210
2105
2211
2208
2211
2210
2213
2212
2211
2649
3104
2211
2209
2112
2213
2208
2211
2041
1930
2205
2101
1824
2683
3581
3176
2069
2202
2098
2212
2211
2091
2097
2213
2027
2213
2211
2209
2210
2210
2089
2211
2105
2212
2212
2102
2210
2213
2213
2210
2109
2452
3294
2211
2117
2217
2211
2211
2104
2212
2212
2211
2215
2209
2508
3583
3209
2212
2210
2213
2213
2212
2210
2214
1998
2213
2211
2209
2212
2110
2213
2209
2086
2210
2210
2211
2213
2210
2212
2212
1979
1997
2191
3139
1998
1994
2001
1998
1983
1970
1986
1995
1995
2000
1997
2088
3214
3204
1998
1995
2000
2001
1999
1985
1977
1998
1998
1997
1997
1997
1998
1996
1988
1999
1998
1996
1997
1998
2000
1997
1989
1995
1997
2016
3231
2077
1998
1999
1984
1996
1998
1997
1999
1996
1999
2000
1994
3159
3238
2137
2000
1995
1996
1998
2036
2120
2211
2211
2213
2211
2216
2107
2099
2212
2211
2212
2042
2211
2214
2122
2110
2211
2213
2210
2209
3268
2474
2213
2106
2216
2215
2211
2215
2213
2212
2213
2030
1999
3200
3599
2527
2211
2211
2209
2039
2002
2210
2110
2211
2214
2210
2212
2080
2212
2212
2212
2212
2211
2214
2209
2108
2212
2212
2214
2209
2116
3261
2640
2015
1923
2203
2090
1887
2115
2209
2205
1995
2203
2091
3161
3587
2690
2212
2211
2027
2052
2172
2116
2209
2213
2213
2211
2208
2210
2212
2100
2212
2214
2213
2211
2210
2093
2214
2214
2214
2214
2115
3098
2792
2214
2211
2212
2213
2212
2212
2212
2205
2211
2211
2213
2996
3590
2857
2211
2204
2207
2116
2211
2210
2107
2215
2213
2204
2211
2213
2212
2211
2211
2211
2214
2108
2213
2213
2213
2210
2215
2113
2212
2765
2965
2213
2212
2211
2210
2205
2112
2203
2210
2210
2209
2212
2821
3587
3029
2204
2212
2116
2213
2210
2112
2211
2213
2207
2110
2212
2211
2212
2212
2210
2209
2180
2210
2213
2211
2211
2212
2116
2213
2204
2767
3130
2211
2214
2210
2211
2213
2202
2212
2213
2212
2215
2214
2654
3588
3187
2213
2114
2212
2111
2216
2215
2101
2115
2212
2210
2211
2055
2211
2210
2213
2084
2210
2210
2114
2210
2213
2165
2158
2087
2211
2594
3308
2212
2212
2213
2211
2038
1995
2075
2212
2211
2215
2215
2490
3391
3382
2210
2115
2118
2213
2211
2211
2105
2212
2211
2213
2209
2214
2212
2211
2109
2214
2212
2211
2209
2213
2210
2116
2040
1914
2203
2275
2952
1917
1923
1931
2012
2199
2094
2212
2209
2209
2213
2212
2110
3584
3581
2114
2211
2213
2214
2113
2094
2214
2212
2105
2211
2211
2213
2212
2104
2098
2213
2211
2214
2211
2214
2116
2088
2210
2212
2211
2216
3573
2328
2215
2104
2213
2210
2214
2210
2212
2212
2210
2096
2214
3471
3426
2385
2109
2210
2213
2035
1994
1953
2103
2213
2212
2211
2214
2101
2210
2211
2213
2212
2210
2215
2118
2103
2213
2215
2208
2212
2209
3395
2503
2113
2211
2212
2110
2213
2213
2211
2214
2086
2211
2212
3295
3424
2560
2115
2214
2106
2214
2212
2212
2213
2213
2208
2210
2112
2212
2212
2210
2212
2211
2213
2211
2013
2214
2212
2099
2211
2213
2209
3233
2559
2213
2213
2213
2215
2215
2212
2211
2106
2210
2215
2213
2989
3581
2738
2099
2113
2214
2213
2211
2050
2214
2210
2213
2098
2214
2211
2209
2211
2211
2211
2185
2051
2213
2214
2210
2209
2213
2211
2212
2767
2434
2118
2214
2213
2214
2214
2212
2107
2212
2214
2012
1982
2780
3479
2785
2095
2213
2215
2214
2212
2213
2212
2209
2104
2215
2084
2075
2209
2215
2214
2213
2008
1919
2086
2101
1876
2118
2211
2213
2064
3001
2731
2212
2212
2212
1964
1928
1917
1998
2001
1996
1997
1997
2613
3234
2663
1997
1999
2110
2118
2210
2211
2212
2106
2092
2215
2212
2212
2210
2210
2214
2009
2212
2210
2215
2210
2213
2213
2209
2105
2212
2808
3103
2214
2212
2212
2211
2112
2214
2212
2213
2188
2059
2213
2715
3408
3158
2216
2212
2208
2209
2215
2208
2205
2211
2211
2211
2209
2209
2215
2209
2209
2113
2211
2214
2211
2211
2210
2211
2206
2211
2213
2645
3263
2213
2214
2212
2075
2212
2210
2211
2213
2113
2119
2214
2523
3593
3336
2210
2213
2212
2215
2211
2089
2212
2216
2211
2214
2213
2211
2210
2202
2114
2211
2208
2208
2210
2213
2211
2202
2214
2211
2212
2470
3437
2213
2210
2203
2213
2214
2214
2120
2114
2211
2157
2051
2360
3586
3516
2049
2209
2214
2211
2107
2215
2214
2213
2212
2213
2210
2212
2108
2116
2212
2209
2118
2210
2214
2213
2024
1996
2135
2213
2210
2301
3595
2224
2104
2213
2212
2212
2109
2115
2213
2213
2085
2215
2211
3569
3594
2298
2213
2208
2102
2214
2208
2211
2211
2212
2212
2210
2000
1981
1980
2044
1876
2205
2213
2210
2069
2202
2093
2213
2212
2212
2212
3504
2219
2211
2213
2216
2216
2213
2110
2211
2178
2211
2212
2100
3402
3581
2478
2212
2108
2095
2210
2211
2213
2210
2212
2212
2201
2212
2114
2212
2213
2215
2211
2213
2206
2212
2211
2215
2211
2213
2215
2215
3114
2589
2213
2212
2210
2110
2115
2213
2200
2211
2214
2209
2215
3219
3580
2653
2204
2214
2212
2213
2213
2210
2210
2212
2202
2215
2116
2212
2212
2212
2209
2212
2203
2213
2213
2104
2216
2211
2211
2209
2205
3148
2765
2213
2112
2212
2095
2211
2206
2214
2212
2211
2212
2210
3040
3597
2811
2211
2213
2214
2209
2211
2209
2212
2205
2211
2116
2213
2212
2112
2214
2114
1988
1997
1996
1999
1999
1997
1996
1989
1979
1998
2667
2661
1999
1997
1998
1997
1980
1992
1985
